image_width: 752
image_height: 480
camera_name: cameraRight
camera_matrix:
  rows: 3
  cols: 3
  data: [721.1848843142114, 0, 377.3316414427429, 0, 721.4414091440476, 224.1786021134365, 0, 0, 1]
distortion_model: plumb_bob
distortion_coefficients:
  rows: 1
  cols: 5
  data: [0.07394304392464161, -0.1016830534658684, 0.00030242857159303, -4.292724931981375e-05, 0]
rectification_matrix:
  rows: 3
  cols: 3
  data: [0.9999628688253357, 0.0007612978079126704, 0.008583786824727864, -0.000746445083242866, 0.9999982190807695, -0.001733394077282012, -0.008585091166808143, 0.001726922388852852, 0.9999616562392384]
projection_matrix:
  rows: 3
  cols: 4
  data: [741.7286630616252, 0, 374.3987617492676, -45.06382772122856, 0, 741.7286630616252, 226.0968894958496, 0, 0, 0, 1, 0]