%YAML:1.0
---
image_width: 752
image_height: 480
camera_name: leftCamera
camera_matrix: !!opencv-matrix
   rows: 3
   cols: 3
   dt: d
   data: [ 7.2410252954510645e+02, 0., 3.8769995279643985e+02, 0.,
       7.2391074824319401e+02, 2.2795884606995662e+02, 0., 0., 1. ]
distortion_model: plumb_bob
distortion_coefficients: !!opencv-matrix
   rows: 1
   cols: 5
   dt: d
   data: [ 6.1285486162289633e-02, 1.5182583725375084e-01,
       1.6482499516538322e-03, 2.3169198765068356e-03,
       -6.7585655489577823e-01 ]
rectification_matrix: !!opencv-matrix
   rows: 3
   cols: 3
   dt: d
   data: [ 9.9996830388201308e-01, -1.4185440326750884e-03,
       7.8344728066016885e-03, 1.4318993382652443e-03,
       9.9999753095318178e-01, -1.6993386434602680e-03,
       -7.8320428762293937e-03, 1.7105029574495645e-03,
       9.9996786612571598e-01 ]
projection_matrix: !!opencv-matrix
   rows: 3
   cols: 4
   dt: d
   data: [ 7.2223236227838970e+02, 0., 3.8277104187011719e+02, 0., 0.,
       7.2223236227838970e+02, 2.2441544151306152e+02, 0., 0., 0., 1.,
       0. ]
