image_width: 752
image_height: 480
camera_name: cameraLeft
camera_matrix:
  rows: 3
  cols: 3
  data: [721.7453596395037, 0, 388.1153140470677, 0, 721.770659101378, 226.8034680817972, 0, 0, 1]
distortion_model: plumb_bob
distortion_coefficients:
  rows: 1
  cols: 5
  data: [0.0725715152665681, -0.1081742293778834, 0.001785800277671876, 0.0006109330312242882, 0]
rectification_matrix:
  rows: 3
  cols: 3
  data: [0.9999492412142129, 0.001854738839445676, 0.009903279202243258, -0.001871870679826268, 0.9999967672496647, 0.001720927185563429, -0.009900055316923197, -0.001739377491361866, 0.9999494804592203]
projection_matrix:
  rows: 3
  cols: 4
  data: [741.7286630616252, 0, 374.3987617492676, 0, 0, 741.7286630616252, 226.0968894958496, 0, 0, 0, 1, 0]