%YAML:1.0
---
image_width: 752
image_height: 480
camera_name: rightCamera
camera_matrix: !!opencv-matrix
   rows: 3
   cols: 3
   dt: d
   data: [ 7.2092289882604814e+02, 0., 3.9084241329750228e+02, 0.,
       7.2055397631358551e+02, 2.1971492199942537e+02, 0., 0., 1. ]
distortion_model: plumb_bob
distortion_coefficients: !!opencv-matrix
   rows: 1
   cols: 5
   dt: d
   data: [ 7.2490172107755310e-02, 2.7931313562194238e-02,
       1.2537126658894830e-03, 2.4164799754469854e-03,
       -3.1822542385225056e-01 ]
rectification_matrix: !!opencv-matrix
   rows: 3
   cols: 3
   dt: d
   data: [ 9.9996122920496078e-01, 3.4974484751945032e-04,
       8.7987365823404724e-03, -3.6470668171081487e-04,
       9.9999849035338295e-01, 1.6989055274713167e-03,
       -8.7981291159029366e-03, -1.7020486175755042e-03,
       9.9995984717115705e-01 ]
projection_matrix: !!opencv-matrix
   rows: 3
   cols: 4
   dt: d
   data: [ 7.2223236227838970e+02, 0., 3.8453701782226563e+02,
       -4.3313190477647801e+01, 0., 7.2223236227838970e+02,
       2.2441544151306152e+02, 0., 0., 0., 1., 0. ]
