image_width: 752
image_height: 480
camera_name: cameraRight
camera_matrix:
  rows: 3
  cols: 3
  data: [722.1404467104179, 0, 385.1344349972923, 0, 722.1927859069631, 215.357252290071, 0, 0, 1]
distortion_model: plumb_bob
distortion_coefficients:
  rows: 1
  cols: 5
  data: [0.08406565632283787, -0.1343274287913608, -0.0004639549305969574, 0.0003202277541976652, 0]
rectification_matrix:
  rows: 3
  cols: 3
  data: [0.9999978623520062, 0.0008679296824191778, 0.001876696428416767, -0.0008715660588185126, 0.9999977428455058, 0.001937698763730669, -0.001875010406150339, -0.001939330286522523, 0.9999963616603895]
projection_matrix:
  rows: 3
  cols: 4
  data: [755.9932513443673, 0, 382.5822868347168, -46.05850926549972, 0, 755.9932513443673, 220.3201580047607, 0, 0, 0, 1, 0]