image_width: 752
image_height: 480
camera_name: cameraLeft
camera_matrix:
  rows: 3
  cols: 3
  data: [725.4580676680631, 0, 380.5888295446368, 0, 725.5455950189039, 224.7220332215707, 0, 0, 1]
distortion_model: plumb_bob
distortion_coefficients:
  rows: 1
  cols: 5
  data: [0.08151016345030138, -0.1089912786106185, 0.0008302115836123061, 0.0003999400445977711, 0]
rectification_matrix:
  rows: 3
  cols: 3
  data: [0.9999994046739983, -0.0006231814159758133, -0.0008957100935249712, 0.0006214438968525444, 0.9999979274401838, -0.001938794166474131, 0.000896916457606195, 0.001938236378688567, 0.9999977193877035]
projection_matrix:
  rows: 3
  cols: 4
  data: [755.9932513443673, 0, 382.5822868347168, 0, 0, 755.9932513443673, 220.3201580047607, 0, 0, 0, 1, 0]