image_width: 640
image_height: 480
camera_name: cameraRight
camera_matrix:
  rows: 3
  cols: 3
  data: [732.426718, 0.000000, 329.908594, 0.000000, 730.192642, 256.639249, 0.000000, 0.000000, 1.000000]
distortion_model: plumb_bob
distortion_coefficients:
  rows: 1
  cols: 5
  data: [0.067819, 0.034419, 0.015379, 0.008940, 0.000000]
rectification_matrix:
  rows: 3
  cols: 3
  data: [0.998024, -0.015409, 0.060907, 0.014663, 0.999812, 0.012674, -0.061091, -0.011756, 0.998063]
projection_matrix:
  rows: 3
  cols: 4
  data: [784.394519, 0.000000, 290.853619, 474.068571, 0.000000, 784.394519, 257.686869, 0.000000, 0.000000, 0.000000, 1.000000, 0.000000]
