image_width: 640
image_height: 480
camera_name: cameraLeft
camera_matrix:
  rows: 3
  cols: 3
  data: [733.734370, 0.000000, 344.400673, 0.000000, 731.218806, 251.128721, 0.000000, 0.000000, 1.000000]
distortion_model: plumb_bob
distortion_coefficients:
  rows: 1
  cols: 5
  data: [0.100387, -0.125320, 0.009630, 0.010059, 0.000000]
rectification_matrix:
  rows: 3
  cols: 3
  data: [0.998466, -0.011782, 0.054109, 0.012443, 0.999852, -0.011889, -0.053961, 0.012544, 0.998464]
projection_matrix:
  rows: 3
  cols: 4
  data: [784.394519, 0.000000, 290.853619, 0.000000, 0.000000, 784.394519, 257.686869, 0.000000, 0.000000, 0.000000, 1.000000, 0.000000]
