%YAML:1.0
---
image_width: 752
image_height: 480
camera_name: cameraLeft
camera_matrix: !!opencv-matrix
   rows: 3
   cols: 3
   dt: d
   data: [ 7.2216157907605054e+02, 0., 3.7612791535865762e+02, 0.,
       7.2251312561993382e+02, 2.1483456894086115e+02, 0., 0., 1. ]
distortion_model: plumb_bob
distortion_coefficients: !!opencv-matrix
   rows: 1
   cols: 5
   dt: d
   data: [ 6.3344866443532960e-02, -1.2049932051593618e-04,
       6.6324684873070164e-04, 1.2048621196286029e-03,
       -2.2878151257421808e-01 ]
rectification_matrix: !!opencv-matrix
   rows: 3
   cols: 3
   dt: d
   data: [ 9.9999241619042523e-01, -3.5723865492533445e-03,
       1.5510048284685194e-03, 3.5747113253530617e-03,
       9.9999248762849480e-01, -1.4987079485639216e-03,
       -1.5456392126273547e-03, 1.5042409771742250e-03,
       9.9999767412654861e-01 ]
projection_matrix: !!opencv-matrix
   rows: 3
   cols: 4
   dt: d
   data: [ 7.2143955163848500e+02, 0., 3.7559619140625000e+02, 0., 0.,
       7.2143955163848500e+02, 2.1901355171203613e+02, 0., 0., 0., 1.,
       0. ]