%YAML:1.0
---
image_width: 752
image_height: 480
camera_name: cameraRight
camera_matrix: !!opencv-matrix
   rows: 3
   cols: 3
   dt: d
   data: [ 7.2024101381500532e+02, 0., 3.8206636438227190e+02, 0.,
       7.2036597765703630e+02, 2.2214945343129489e+02, 0., 0., 1. ]
distortion_model: plumb_bob
distortion_coefficients: !!opencv-matrix
   rows: 1
   cols: 5
   dt: d
   data: [ 7.0103200862678169e-02, -8.3593208895288221e-02,
       4.7262106165869210e-04, 7.3537895687741256e-04,
       5.9258159408118745e-02 ]
rectification_matrix: !!opencv-matrix
   rows: 3
   cols: 3
   dt: d
   data: [ 9.9999685191278720e-01, -2.5006255163146068e-03,
       2.0745250510296174e-04, 2.5003117757917384e-03,
       9.9999575060780677e-01, 1.4990688286397565e-03,
       -2.1120023331953636e-04, -1.4985454134989298e-03,
       9.9999885487739681e-01 ]
projection_matrix: !!opencv-matrix
   rows: 3
   cols: 4
   dt: d
   data: [ 7.2143955163848500e+02, 0., 3.8218566131591797e+02,
       -4.3839527307951130e+01, 0., 7.2143955163848500e+02,
       2.1901355171203613e+02, 0., 0., 0., 1., 0. ]