image_width: 752
image_height: 480
camera_name: cameraLeft
camera_matrix:
  rows: 3
  cols: 3
  data: [720.4615293027625, 0, 375.687649300675, 0, 720.5622522652847, 218.7842684698017, 0, 0, 1]
distortion_model: plumb_bob
distortion_coefficients:
  rows: 1
  cols: 5
  data: [0.072097905353477, -0.09275185923471561, 0.001099264415961832, 0.0004691622988338441, 0]
rectification_matrix:
  rows: 3
  cols: 3
  data: [0.9999947864034224, -0.003005819787277453, -0.001179920921072548, 0.003005243519948039, 0.9999953642613795, -0.0004898644066277473, 0.001181387895394089, 0.000486315902970248, 0.9999991839094086]
projection_matrix:
  rows: 3
  cols: 4
  data: [738.6538145503216, 0, 380.8322067260742, 0, 0, 738.6538145503216, 220.6395797729492, 0, 0, 0, 1, 0]