image_width: 752
image_height: 480
camera_name: cameraRight
camera_matrix:
  rows: 3
  cols: 3
  data: [719.3286050557258, 0, 384.1195883169184, 0, 719.2647321568872, 218.6759519654948, 0, 0, 1]
distortion_model: plumb_bob
distortion_coefficients:
  rows: 1
  cols: 5
  data: [0.08868068986966593, -0.1509101016878234, -0.001127027285902509, -0.0001587654843894461, 0]
rectification_matrix:
  rows: 3
  cols: 3
  data: [0.9999902867485686, 0.0002578518398427549, 0.004399991016358441, -0.0002660530008448937, 0.9999982284383074, 0.001863420523462004, -0.004399502735092521, -0.001864573054403513, 0.9999885838063395]
projection_matrix:
  rows: 3
  cols: 4
  data: [761.4647615138686, 0, 377.4454002380371, -46.24685131584764, 0, 761.4647615138686, 224.6072864532471, 0, 0, 0, 1, 0]