image_width: 752
image_height: 480
camera_name: cameraLeft
camera_matrix:
  rows: 3
  cols: 3
  data: [720.7529431604555, 0, 385.8691967864488, 0, 720.8535663559483, 231.5497899437959, 0, 0, 1]
distortion_model: plumb_bob
distortion_coefficients:
  rows: 1
  cols: 5
  data: [0.07663461607010133, -0.09776131201624236, 0.0006930154288138572, 0.001262350095334995, 0]
rectification_matrix:
  rows: 3
  cols: 3
  data: [0.9999846774922487, -0.003217967253039557, -0.00450438314107951, 0.003221580449545475, 0.9999944945822382, 0.0007951255380424852, 0.004501799654625094, -0.0008096245873898089, 0.9999895390992333]
projection_matrix:
  rows: 3
  cols: 4
  data: [751.3861272200613, 0, 391.6418266296387, 0, 0, 751.3861272200613, 225.6546039581299, 0, 0, 0, 1, 0]