image_width: 752
image_height: 480
camera_name: cameraRight
camera_matrix:
  rows: 3
  cols: 3
  data: [718.1799407805165, 0, 390.6483899490327, 0, 717.9581585527039, 219.3676280067133, 0, 0, 1]
distortion_model: plumb_bob
distortion_coefficients:
  rows: 1
  cols: 5
  data: [0.07810988525823082, -0.1079925747768341, -0.0009374472854446044, 0.00126425864510812, 0]
rectification_matrix:
  rows: 3
  cols: 3
  data: [0.9999975532754115, -0.001608720854841465, -0.001518374262718687, 0.001607502025928504, 0.9999983850816191, -0.000803599023478478, 0.001519664577176193, 0.0008011562675895704, 0.9999985243830152]
projection_matrix:
  rows: 3
  cols: 4
  data: [751.3861272200613, 0, 391.6418266296387, -45.72570589055602, 0, 751.3861272200613, 225.6546039581299, 0, 0, 0, 1, 0]