image_width: 752
image_height: 480
camera_name: cameraRight
camera_matrix:
  rows: 3
  cols: 3
  data: [718.6160284229187, 0, 380.9061485283424, 0, 718.5490547047524, 221.7111578340878, 0, 0, 1]
distortion_model: plumb_bob
distortion_coefficients:
  rows: 1
  cols: 5
  data: [0.0741731900315539, -0.0982000427680586, -0.0007321642038477893, 0.000304985233758119, 0]
rectification_matrix:
  rows: 3
  cols: 3
  data: [0.9999905542078099, -0.002094622577418252, -0.003808418492654282, 0.002096481186297397, 0.9999976852043372, 0.0004840997858673841, 0.003807395670602471, -0.0004920794908808053, 0.9999926307708382]
projection_matrix:
  rows: 3
  cols: 4
  data: [738.6538145503216, 0, 380.8322067260742, -44.85915855900166, 0, 738.6538145503216, 220.6395797729492, 0, 0, 0, 1, 0]