image_width: 752
image_height: 480
camera_name: cameraLeft
camera_matrix:
  rows: 3
  cols: 3
  data: [723.1057178876079, 0, 382.2755996217277, 0, 723.1335696446545, 230.145927029359, 0, 0, 1]
distortion_model: plumb_bob
distortion_coefficients:
  rows: 1
  cols: 5
  data: [0.07525757441210025, -0.08486808035804223, 0.001236274758648792, 0.00130157183278924, 0]
rectification_matrix:
  rows: 3
  cols: 3
  data: [0.9999599263035143, -0.001201753513939366, 0.008871390847095637, 0.001218287876026489, 0.9999975306576934, -0.001858615927704063, -0.008869135342372703, 0.001869349354006018, 0.9999589211418992]
projection_matrix:
  rows: 3
  cols: 4
  data: [761.4647615138686, 0, 377.4454002380371, 0, 0, 761.4647615138686, 224.6072864532471, 0, 0, 0, 1, 0]