%YAML:1.0
---
image_width: 752
image_height: 480
camera_name: rightCamera
camera_matrix: !!opencv-matrix
   rows: 3
   cols: 3
   dt: d
   data: [ 7.2471979917512351e+02, 0., 3.7505077950340700e+02, 0.,
       7.2483288122118495e+02, 2.2226869596857210e+02, 0., 0., 1. ]
distortion_model: plumb_bob
distortion_coefficients: !!opencv-matrix
   rows: 1
   cols: 5
   dt: d
   data: [ 5.5909376487542788e-02, 1.6944788073850803e-01,
       -7.8232666302714346e-04, -1.4010517527183587e-03,
       -7.7202679287505371e-01 ]
rectification_matrix: !!opencv-matrix
   rows: 3
   cols: 3
   dt: d
   data: [ 9.9996151180298021e-01, 2.5516770149014338e-03,
       -8.3942752581657280e-03, -2.5641260033744200e-03,
       9.9999562833605149e-01, -1.4726053864587089e-03,
       8.3904809478985605e-03, 1.4940726880014060e-03,
       9.9996368312867523e-01 ]
projection_matrix: !!opencv-matrix
   rows: 3
   cols: 4
   dt: d
   data: [ 7.2472701779932436e+02, 0., 3.8160747528076172e+02,
       -4.3377062601091353e+01, 0., 7.2472701779932436e+02,
       2.1937847137451172e+02, 0., 0., 0., 1., 0. ]
