%YAML:1.0
---
image_width: 752
image_height: 480
camera_name: leftCamera
camera_matrix: !!opencv-matrix
   rows: 3
   cols: 3
   dt: d
   data: [ 7.2498589712163846e+02, 0., 3.8499592678167653e+02, 0.,
       7.2462115437746365e+02, 2.2050852045554484e+02, 0., 0., 1. ]
distortion_model: plumb_bob
distortion_coefficients: !!opencv-matrix
   rows: 1
   cols: 5
   dt: d
   data: [ 4.7052610252663031e-02, 2.5200935191361684e-01,
       -1.4541295588007420e-03, -1.4673782728278444e-03,
       -1.2040385034863532e+00 ]
rectification_matrix: !!opencv-matrix
   rows: 3
   cols: 3
   dt: d
   data: [ 9.9997976874515504e-01, 3.2740323599137135e-03,
       5.4536971397923101e-03, -3.2820951763712141e-03,
       9.9999353327869578e-01, 1.4701197376487481e-03,
       -5.4488486526588185e-03, -1.4879895483575864e-03,
       9.9998404784049633e-01 ]
projection_matrix: !!opencv-matrix
   rows: 3
   cols: 4
   dt: d
   data: [ 7.2472701779932436e+02, 0., 3.8094440460205078e+02, 0., 0.,
       7.2472701779932436e+02, 2.1937847137451172e+02, 0., 0., 0., 1.,
       0. ]
