image_width: 752
image_height: 480
camera_name: cameraLeft
camera_matrix:
  rows: 3
  cols: 3
  data: [716.630223416921, 0, 377.8018177916505, 0, 716.7331920832232, 243.7848022582033, 0, 0, 1]
distortion_model: plumb_bob
distortion_coefficients:
  rows: 1
  cols: 5
  data: [0.07061070646315659, -0.06640934017509793, 0.0007890902238030653, -0.0006769068683701849, 0]
rectification_matrix:
  rows: 3
  cols: 3
  data: [0.9978443675389748, -0.004877478169900297, -0.06544332187049828, 0.004997380454518448, 0.9999861209172007, 0.001668580703004879, 0.06543427511126178, -0.001992029033872042, 0.9978548929884505]
projection_matrix:
  rows: 3
  cols: 4
  data: [768.9588423188196, 0, 438.1234931945801, 0, 0, 768.9588423188196, 246.4754295349121, 0, 0, 0, 1, 0]