image_width: 752
image_height: 480
camera_name: cameraRight
camera_matrix:
  rows: 3
  cols: 3
  data: [722.7639496952337, 0, 376.2210185698676, 0, 722.7859907812474, 247.6608373594693, 0, 0, 1]
distortion_model: plumb_bob
distortion_coefficients:
  rows: 1
  cols: 5
  data: [0.0797696104023755, -0.1298790653013505, 0.00246896124691862, -0.0008910066299848943, 0]
rectification_matrix:
  rows: 3
  cols: 3
  data: [0.9975738727661678, -0.002555014776060675, -0.06956896056291099, 0.002427532060191861, 0.9999952161901309, -0.001916946778090325, 0.06957352558557382, 0.001743415139145491, 0.9975753029427132]
projection_matrix:
  rows: 3
  cols: 4
  data: [768.9588423188196, 0, 438.1234931945801, -46.65372202753777, 0, 768.9588423188196, 246.4754295349121, 0, 0, 0, 1, 0]